46 43
54 38
15 37
74 64
1 33
72 37
42 38
48 44
42 64
54 47
21 59
39 27
43 89
34 91
26 23
72 80
67 51
26 1
97 48
4 15
26 86
85 36
60 93
5 44
71 28
44 32
8 88
61 55
81 35
35 9
33 70
74 90
7 2
81 82
86 30
23 15
88 59
16 28
51 86
94 82
23 54
67 85
97 22
56 7
75 41
90 9
61 74
60 10
0 46
21 71
69 36
68 50
12 97
33 73
90 4
10 31
40 67
46 92
85 6
8 95
45 32
39 65
70 68
88 53
35 46
57 56
44 10
65 57
81 79
12 95
30 92
9 9
55 63
81 43
63 79
93 48
99 48
99 19
64 44
16 77
52 0
14 23
5 83
8 24
62 98
78 86
55 53
80 86
51 13
52 24
1 71
84 40
28 96
96 45
10 49
92 28
14 84
26 25
53 15
81 52
6 82
62 2
53 12
66 45
2 62
52 21
97 66
12 0
17 61
73 17
18 51
26 65
3 12
7 14
59 88
98 23
90 70
45 99
16 52
11 53
30 94
17 17
24 9
5 69
30 34
11 6
62 15
92 27
85 73
17 6
29 72
1 39
6 38
49 66
71 14
15 28
48 36
89 64
58 36
20 69
87 80
76 48
91 61
89 40
81 98
23 54
5 31
26 46
34 75
44 53
20 98
47 1
84 20
66 42
75 34
8 10
96 6
39 15
84 65
46 43
31 88
5 36
69 18
39 10
74 5
74 50
25 23
62 84
90 55
15 35
91 56
45 11
48 25
53 39
63 25
54 24
63 90
59 2
34 76
98 42
77 95
65 71
27 1
85 41
70 21
85 55
21 5
76 75
57 57
17 24
50 68
29 87
56 86
54 30
87 42
59 5
16 86
87 38
34 6
95 16
79 73
34 14
54 46
32 92
53 97
35 34
38 76
19 84
44 36
37 34
51 8
36 77
19 26
20 61
53 95
36 37
95 8
37 24
14 66
77 61
25 46
31 37
87 53
65 51
13 41
4 57
49 21
75 17
62 38
22 26
34 87
80 80
12 93
39 97
61 42
3 2
8 79
2 61
97 97
70 4
68 5
59 42
79 22
47 1
13 82
31 80
91 24
96 5
14 41
70 41
91 78
31 79
64 81
55 39
68 61
63 12
5 43
87 99
3 74
85 21
87 31
62 67
13 70
75 85
39 36
69 65
3 97
72 44
35 39
14 65
7 55
70 21
99 44
79 3
90 66
52 81
58 61
76 99
56 82
10 42
6 69
84 43
35 84
71 25
23 22
76 68
19 83
46 64
84 35
44 26
11 10
36 73
16 23
76 56
43 8
15 49
58 4
80 81
25 46
31 38
74 97
20 41
84 69
36 86
46 85
65 40
8 41
89 33
6 10
78 78
40 51
4 63
24 83
28 17
81 12
84 11
28 46
66 42
82 28
54 49
22 6
38 53
23 51
92 50
91 85
78 9
45 40
53 82
84 51
12 25
85 73
22 57
11 86
83 97
29 36
3 67
4 13
3 65
37 26
16 90
25 57
49 89
59 26
28 96
10 63
97 3
52 6
2 66
29 11
46 65
80 54
47 30
3 30
45 80
2 71
65 6
74 6
38 58
22 86
59 72
85 80
90 25
97 14
7 52
52 57
47 66
25 74
82 16
85 58
95 35
70 53
4 35
31 19
78 56
74 19
73 25
87 5
43 90
45 27
45 69
90 95
87 87
90 71
65 48
32 33
94 28
64 25
56 55
72 56
40 20
94 50
23 57
42 12
52 30
52 58
93 27
84 78
77 54
72 18
44 34
49 70
60 60
78 2
9 0
93 90
76 52
31 27
88 47
63 17
94 13
14 17
82 48
89 26
77 82
2 70
33 30
28 54
27 96
74 54
44 17
46 61
82 57
2 21
44 27
86 81
57 3
63 36
8 38
15 34
19 91
86 16
70 7
77 49
3 98
17 73
36 69
30 52
67 36
93 97
32 77
30 32
3 96
62 38
96 16
24 42
52 65
26 59
58 87
27 85
74 0
11 80
25 2
2 56
50 88
28 70
46 89
1 77
10 56
20 36
29 53
65 59
35 88
67 68
26 38
27 9
6 60
59 15
76 43
6 37
27 80
37 89
17 43
93 93
65 43
73 2
55 35
74 73
5 76
85 31
64 78
50 67
11 8
7 77
47 68
70 66
42 42
14 85
98 31
51 68
0 85
69 95
14 61
7 39
73 42
32 27
95 76
14 84
75 71
97 91
65 69
42 23
48 41
60 83
7 61
43 60
28 42
84 67
11 83
72 94
35 32
24 61
28 48
31 55
0 5
10 68
43 22
57 61
45 36
11 34
87 25
52 40
4 39
69 95
9 65
28 42
95 59
48 92
41 58
63 89
61 38
66 49
27 15
5 8
7 25
75 11
78 96
88 14
61 98
45 79
1 23
60 97
34 36
29 73
5 55
92 93
51 26
53 94
24 88
24 63
56 35
60 42
49 28
5 99
9 45
32 74
6 53
68 50
79 37
63 79
16 1
19 56
1 89
58 22
35 97
11 71
27 58
45 50
27 95
84 50
74 34
58 97
40 68
72 27
70 8
46 43
71 78
69 37
91 19
46 41
22 10
45 79
29 54
80 12
4 47
89 96
55 19
19 51
47 62
48 33
24 19
46 89
53 76
79 69
45 32
13 88
43 48
28 44
84 80
15 63
33 22
40 76
1 86
11 33
64 12
55 75
68 16
66 96
82 41
80 28
32 52
59 87
18 77
14 98
94 26
39 64
25 2
72 35
35 89
37 95
26 79
6 74
42 2
80 4
67 32
18 93
31 27
20 17
25 50
8 8
39 13
79 30
56 57
79 24
25 11
70 80
25 1
69 53
62 49
30 75
47 56
31 89
34 10
36 51
74 32
6 22
6 97
29 2
63 2
35 36
52 36
50 56
86 40
64 9
61 60
97 26
90 39
1 11
10 83
18 53
69 38
52 25
31 99
51 80
77 1
41 71
43 12
21 49
24 98
31 17
10 41
97 36
24 84
5 96
42 27
43 42
40 31
14 77
94 69
50 83
22 34
45 36
98 55
98 72
87 33
61 22
30 91
81 71
6 15
2 55
55 91
95 62
13 93
11 9
20 93
62 92
54 97
50 11
69 45
67 0
80 48
36 80
16 78
6 23
87 0
74 5
83 53
94 82
11 19
48 66
12 21
59 42
90 70
14 54
13 94
78 95
38 63
86 82
44 71
65 73
80 27
19 74
80 27
28 94
83 16
17 60
50 3
20 62
37 13
47 58
69 14
92 45
93 45
32 65
66 32
52 61
28 32
58 93
69 24
88 45
4 82
66 46
58 54
27 35
36 34
78 62
54 49
33 27
33 48
9 72
15 94
31 82
63 63
95 34
23 51
3 44
14 24
59 20
9 53
26 70
86 61
23 40
26 8
65 77
15 3
47 52
66 53
40 24
85 88
26 47
93 54
37 86
14 66
79 87
19 14
6 66
15 66
18 44
59 33
55 54
50 94
88 60
8 38
81 65
87 56
27 17
71 72
94 60
30 48
0 23
10 16
55 12
11 6
18 99
5 65
72 6
15 17
30 97
71 11
32 39
20 97
97 43
66 13
42 46
21 26
12 47
92 3
1 56
95 87
32 5
55 77
56 43
13 21
59 98
33 66
99 38
0 25
89 91
92 49
24 11
36 73
60 16
44 83
71 1
10 63
89 33
84 7
15 94
44 0
43 45
18 93
66 79
4 2
75 5
16 52
50 47
57 39
7 29
95 0
66 76
64 36
70 64
79 93
29 82
0 99
44 87
56 86
83 69
3 38
79 2
7 58
66 7
23 29
39 27
51 94
86 32
94 28
10 53
65 38
45 17
70 78
68 54
61 35
69 5
97 95
13 74
19 3
57 31
2 96
58 90
63 38
39 46
27 37
64 93
88 77
17 71
69 82
49 46
56 62
83 75
79 47
40 84
15 56
75 82
27 70
21 5
92 6
97 17
91 17
39 19
64 80
99 37
77 33
1 2
74 22
82 90
72 21
13 40
71 51
11 85
89 37
40 68
80 99
39 38
2 63
96 76
23 78
16 31
99 41
61 7
62 71
66 55
60 88
69 20
72 21
58 83
40 59
43 80
42 58
15 89
45 59
83 12
75 71
28 96
2 61
20 49
76 25
31 61
88 6
29 46
49 31
13 49
29 86
46 85
10 49
7 73
96 69
32 18
7 91
66 65
14 96
88 23
53 40
48 93
62 78
40 42
78 11
6 11
99 81
20 66
93 10
36 23
89 37
31 59
16 34
0 57
28 4
91 69
71 96
23 59
85 60
65 13
48 59
73 16
54 19
18 80
42 3
94 90
58 27
87 38
12 96
32 89
27 52
82 28
93 13
30 22
18 20
19 66
22 70
56 77
26 66
20 27
53 98
40 51
30 47
25 4
86 5
35 96
91 60
61 56
84 71
50 74
87 10
39 51
44 3
93 57
44 29
18 10
71 25
71 41
61 93
93 8
99 21
21 39
60 27
84 8
94 86
62 60
11 99
81 57
3 20
98 13
96 0
28 9
82 50
88 85
0 37
23 43
97 73
1 6
7 39
59 53
82 71
52 84
2 1
89 82
66 80
53 60
96 55
85 77
85 0
61 98
58 39
67 12
3 83
93 4
27 27
13 62
52 36
42 41
73 81
22 98
9 7
7 35
94 82
11 10
21 3
27 54
76 40
96 88
17 76
83 66
81 40
31 52
89 62
58 80
23 24
66 16
56 25
15 1
93 89
80 39
48 23
65 82
20 58
40 55
84 9
60 83
20 72
77 43
16 58
90 80
20 88
87 89
8 22
3 75
29 28
21 9
97 84
53 4
20 66
5 0
27 36
84 36
28 72
75 98
41 66
39 38
89 22
74 77
44 54
97 1
63 72
45 67
13 78
5 64
0 85
60 56
46 47
83 96
81 32
65 18
13 96
36 78
53 87
3 79
21 41
94 46
22 71
90 38
50 29
10 65
10 50
88 58
58 93
88 60
52 65
38 82
95 87
55 15
92 58
33 3
74 35
94 35
23 62
74 18
11 29
20 32
0 44
27 19
82 25
37 12
4 29
11 39
91 78
66 86
19 62
82 99
83 56
69 15
12 62
38 10
41 99
94 17
78 69
35 91
58 65
0 31
1 66
16 80
86 75
14 86
73 73
48 20
72 53
90 91
99 1
42 94
62 93
62 91
10 8
58 65
30 60
50 17
0 98
41 6
10 49
11 36
54 82
52 64
78 76
67 94
56 97
66 55
77 64
54 54
30 25
90 41
59 26
35 27
48 67
58 20
38 68
41 11
23 29
2 3
16 74
14 77
9 80
42 53
98 1
3 27
65 99
83 28
48 11
66 45
25 27
58 3
87 68
55 80
71 34
58 45
78 28
12 84
56 96
57 55
18 18
81 90
0 28
7 6
78 63
97 42
40 84
91 11
87 85
43 98
50 1
99 41
1 16
81 82
16 8
16 34
4 1
64 78
18 23
84 30
8 94
78 83
59 21
19 35
49 15
31 82
4 50
27 51
0 52
76 64
6 92
79 6
72 33
92 88
31 13
28 29
78 48
70 88
81 10
63 12
90 94
48 72
10 49
60 76
3 47
23 13
1 8
90 26
47 93
48 67
7 72
97 74
68 69
97 68
95 67
94 49
8 19
90 63
35 50
71 20
15 9
16 34
41 32
17 54
32 31
13 92
83 25
75 6
7 70
90 23
55 92
38 99
49 84
60 76
80 17
20 98
19 49
20 58
26 88
75 31
75 26
75 63
86 80
32 13
34 21
83 14
76 33
5 49
65 86
64 86
99 3
18 99
75 41
3 74
85 84
38 65
72 22
58 35
72 62
91 50
65 31
78 93
31 90
97 64
86 22
8 66
82 34
99 82
23 92
37 25
41 40
28 75
92 63
86 20
58 73
59 49
29 9
80 63
26 75
60 83
94 82
37 71
77 59
81 52
48 6
29 48
11 64
26 18
18 93
54 59
91 70
65 19
33 57
33 57
60 52
66 19
41 28
99 18
26 7
1 53
45 91
57 71
42 40
59 61
47 88
31 12
43 90
25 72
93 81
81 62
58 97
9 24
61 50
9 83
67 88
19 32
55 15
99 41
74 5
49 77
14 20
50 30
51 52
39 95
42 84
7 59
10 39
31 57
32 6
57 93
68 96
78 49
96 15
8 67
75 77
62 46
39 65
16 90
78 87
62 49
51 33
97 84
31 52
62 19
46 51
97 4
55 42
44 1
31 93
35 48
46 57
91 23
50 59
72 92
16 49
36 38
8 98
37 96
65 30
52 85
33 40
90 29
50 14
67 96
69 14
38 5
74 94
12 0
20 43
97 27
50 69
87 69
42 46
88 12
53 11
38 4
43 95
32 4
4 87
84 45
96 15
11 85
15 87
21 50
68 19
2 75
63 62
96 58
96 41
41 75
62 53
75 32
31 35
91 89
30 51
87 1
75 90
47 57
50 15
34 81
90 89
40 9
63 26
63 66
22 15
30 81
52 94
9 64
66 12
34 98
67 45
20 27
50 72
82 49
22 76
22 76
95 87
99 25
54 72
43 21
20 32
21 24
84 88
66 4
63 10
35 10
15 53
42 56
42 58
84 80
35 81
6 60
34 15
3 42
37 96
42 94
99 88
20 14
72 38
31 65
46 45
0 55
6 15
74 64
82 43
57 22
21 25
62 97
39 71
79 5
3 42
86 34
46 11
97 87
99 64
4 31
51 34
78 21
29 79
53 34
14 54
76 13
9 50
18 26
51 89
89 13
41 71
20 92
62 93
65 8
38 98
9 61
95 23
49 90
39 49
97 23
26 85
23 70
86 83
58 91
25 64
35 27
70 89
80 29
89 31
35 61
59 92
54 88
1 93
64 95
49 74
18 26
51 95
8 12
37 32
49 49
25 92
86 95
98 53
81 45
85 47
93 53
61 78
98 51
41 88
13 2
33 84
14 84
69 8
51 41
5 85
13 92
95 69
14 88
33 39
33 15
82 98
89 84
1 36
26 99
32 89
18 59
30 28
63 40
66 48
42 85
98 82
24 87
24 23
30 38
76 36
58 56
90 9
80 48
65 30
70 88
33 38
40 10
69 3
3 47
12 3
36 65
84 12
43 43
43 46
12 66
22 78
69 23
3 34
94 22
39 72
86 77
16 77
79 54
80 87
20 32
18 97
60 89
24 77
49 43
97 30
10 84
95 55
98 44
53 27
23 81
31 59
14 39
66 49
67 47
82 42
58 28
9 14
79 56
45 30
48 44
9 67
41 59
48 33
29 61
86 43
34 51
12 65
13 81
10 25
75 38
91 78
11 11
19 42
61 27
63 8
22 10
79 45
29 84
60 34
2 16
28 65
96 52
82 51
32 87
20 47
8 63
51 53
25 28
62 33
6 49
27 57
80 76
19 88
30 11
7 89
4 93
15 47
14 97
1 26
71 51
81 86
78 53
3 10
38 68
30 36
57 59
44 15
82 54
54 85
7 79
58 14
48 21
25 36
94 50
94 12
50 3
24 46
65 25
47 5
0 26
57 1
56 88
18 92
8 33
83 86
26 52
43 72
66 32
84 84
48 70
44 83
9 15
21 63
17 58
9 10
88 75
93 77
81 89
82 22
90 69
54 12
85 87
25 81
6 65
63 3
26 74
63 62
71 36
24 5
86 17
15 81
25 90
30 13
17 74
27 52
15 97
92 48
89 96
53 68
7 36
11 9
10 33
23 16
54 18
98 8
63 61
16 54
29 92
70 52
48 42
73 73
88 58
64 44
45 14
13 77
91 67
18 46
54 44
29 3
52 88
50 36
5 71
57 17
98 37
99 41
29 53
73 67
1 0
54 50
99 70
48 4
0 19
27 26
16 62
77 22
86 82
69 57
8 55
80 70
17 92
41 26
54 56
34 25
2 10
19 13
29 15
63 58
99 31
15 93
20 96
89 57
95 78
49 67
72 72
88 65
26 97
2 82
17 59
96 91
87 52
30 81
21 22
56 29
4 77
12 92
0 18
19 76
37 22
4 98
96 47
78 34
53 66
64 84
15 90
59 53
7 63
67 65
57 59
25 94
15 9
57 61
87 83
82 95
90 38
18 11
54 87
8 93
42 20
90 74
52 71
52 87
4 87
26 47
29 81
58 41
23 52
66 9
84 44
55 10
20 91
58 32
84 29
65 7
24 22
85 59
95 81
30 81
32 75
76 2
31 68
5 43
37 6
36 77
96 72
4 69
77 20
68 59
99 32
65 54
52 6
0 79
22 22
46 39
4 84
36 74
57 26
12 54
18 42
38 67
67 68
99 0
65 70
36 46
47 77
85 32
66 48
63 70
75 55
78 50
83 81
99 71
41 48
55 44
47 41
92 21
8 83
32 84
42 61
63 23
44 8
28 83
22 69
82 4
3 27
69 48
87 7
36 2
17 53
0 31
27 90
59 6
69 66
90 79
18 52
91 77
9 84
94 69
0 57
10 18
54 14
84 18
54 74
99 5
90 50
45 85
45 18
82 57
68 53
57 95
91 76
15 99
35 29
44 97
95 43
42 10
16 82
57 29
73 69
16 85
67 74
50 89
8 92
77 44
27 35
77 22
11 44
64 43
47 57
33 94
60 67
87 17
13 52
11 95
20 88
96 82
30 15
97 74
77 89
44 98
35 64
23 70
47 1
20 64
74 33
13 98
32 43
63 72
68 71
34 82
27 68
54 1
57 53
72 90
68 93
24 87
23 49
62 93
22 7
74 14
83 20
60 68
68 56
36 5
14 41
7 36
10 49
22 40
1 61
14 32
13 59
4 75
54 22
22 97
14 21
27 45
77 68
83 40
11 69
50 82
15 90
72 23
36 50
73 69
82 35
96 48
32 20
49 58
27 38
95 37
17 83
26 9
95 17
17 34
60 48
55 97
7 3
68 18
30 28
62 90
24 62
49 66
64 47
34 0
15 10
66 48
80 2
63 54
78 0
23 54
62 69
53 16
30 88
60 85
32 47
17 33
55 51
1 62
38 85
15 61
26 78
47 16
7 66
74 64
6 73
28 52
54 49
20 29
23 12
10 32
74 46
83 65
2 37
72 64
66 89
24 69
0 33
80 8
18 98
76 19
59 47
48 96
60 44
10 98
67 64
37 19
68 5
11 81
2 45
47 81
80 84
6 17
53 95
35 76
57 99
92 0
25 94
99 67
88 17
57 50
42 91
62 86
17 9
1 47
23 91
37 67
32 5
16 63
0 73
75 84
83 40
94 17
55 76
90 99
1 41
72 41
68 98
60 89
43 54
29 90
5 14
14 31
29 61
86 64
95 35
61 12
45 6
31 83
42 43
24 37
49 27
12 27
65 13
39 36
20 39
84 2
24 79
47 30
29 68
97 45
60 36
43 92
79 17
30 43
14 3
65 14
98 28
44 0
56 23
99 47
77 41
66 79
91 5
31 98
10 13
4 24
20 57
7 37
37 0
31 72
35 57
74 40
5 36
12 80
3 68
5 58
25 75
17 45
91 36
91 25
5 61
75 27
38 6
61 73
63 60
83 41
5 28
6 77
78 86
8 19
36 18
44 58
34 98
27 24
8 78
9 77
97 83
91 37
80 73
12 45
80 72
13 96
27 97
77 35
77 50
1 73
56 62
72 45
90 6
31 41
98 21
3 8
60 56
75 41
80 17
56 14
37 20
29 8
75 36
64 40
17 13
70 58
98 51
2 4
34 38
41 50
85 81
44 49
48 99
95 89
43 44
57 50
2 98
16 12
27 40
38 67
67 63
39 59
4 86
41 36
26 70
46 72
65 67
5 51
75 5
68 32
45 23
4 83
27 68
1 50
60 94
35 72
79 95
81 58
48 34
93 56
46 23
81 28
33 10
81 12
3 74
17 86
30 45
79 47
84 70
92 57
57 41
84 94
29 46
7 5
12 45
23 91
26 89
94 4
26 32
0 79
48 13
78 31
46 27
65 68
68 53
41 33
8 50
71 55
9 28
9 46
10 99
58 91
85 3
74 49
48 10
83 48
84 3
67 15
8 72
31 81
57 1
13 14
63 45
87 94
66 92
28 95
94 29
50 83
64 70
92 84
39 50
76 63
97 99
45 50
5 45
47 74
17 77
83 32
19 73
73 95
66 62
43 30
54 95
84 78
87 6
28 56
42 12
25 52
1 30
15 48
61 1
44 14
1 13
4 87
68 74
71 95
31 7
82 29
48 12
3 70
34 33
75 12
7 80
2 59
54 99
94 53
36 49
47 87
13 23
39 76
78 45
20 76
30 31
50 3
6 53
11 34
69 14
36 34
80 60
6 9
9 51
40 74
94 93
39 92
44 53
64 29
81 6
80 71
59 49
30 92
58 49
44 94
11 51
27 69
50 23
65 40
33 2
95 53
66 24
4 45
7 95
35 43
16 0
12 64
61 82
50 39
37 21
95 58
66 57
73 29
5 87
35 45
16 43
75 63
58 58
50 10
35 78
85 11
92 64
3 52
38 25
83 50
50 49
55 14
56 47
12 22
72 1
69 29
0 74
74 13
72 5
14 68
10 41
89 59
85 89
33 13
40 15
11 32
71 32
9 67
94 14
31 60
81 68
10 78
14 68
34 5
53 26
95 81
4 97
3 49
43 24
15 45
4 27
33 89
42 98
67 3
43 57
19 51
62 16
34 30
38 5
39 13
12 44
54 94
7 66
28 71
18 45
84 90
58 46
54 26
12 64
7 59
21 17
18 3
52 67
42 3
76 72
83 72
99 5
9 99
98 39
7 15
93 47
40 78
77 96
60 77
65 38
29 20
66 73
43 56
23 95
97 67
79 30
76 17
32 77
46 9
4 85
64 72
30 51
12 15
27 40
14 43
53 51
95 52
99 47
26 83
83 32
59 37
57 83
37 50
32 89
77 78
78 11
67 62
51 4
87 27
26 87
24 60
99 60
67 73
0 32
72 86
75 3
13 12
4 38
95 70
59 57
72 84
56 34
29 72
89 75
49 89
43 48
43 29
97 9
97 45
97 98
32 70
16 56
6 42
1 11
93 45
5 56
33 13
93 42
73 24
7 23
79 21
38 44
2 44
9 69
31 18
6 89
70 4
91 30
82 22
48 95
51 71
2 19
56 39
35 30
68 69
11 65
48 63
19 34
77 39
68 0
83 55
62 20
95 90
18 21
45 32
96 54
2 12
17 33
63 49
8 70
61 23
3 44
24 35
49 55
89 44
10 87
21 99
90 84
90 94
89 15
28 68
23 59
52 64
55 15
8 47
29 75
44 71
29 57
3 73
46 15
37 53
6 6
43 80
98 77
55 83
66 21
22 74
19 55
91 55
56 64
2 49
66 93
53 27
98 28
46 29
12 97
29 60
66 56
79 73
82 5
31 20
43 10
52 74
97 29
87 45
96 13
54 58
43 19
37 40
93 0
36 71
4 90
90 27
0 26
16 38
90 47
73 39
21 72
32 80
57 42
47 63
23 78
67 24
68 18
55 22
33 14
54 47
97 25
83 77
25 31
39 15
89 57
77 99
4 87
76 13
50 62
63 31
84 34
37 78
0 65
44 54
5 29
42 58
21 6
56 38
57 8
59 28
37 96
56 32
64 32
88 15
86 28
99 75
68 50
92 37
56 5
86 46
67 62
38 50
90 15
61 30
52 52
48 49
72 63
96 62
45 35
3 40
51 24
36 49
32 13
85 95
4 30
75 8
13 24
74 52
42 66
3 45
65 49
42 66
23 3
64 85
90 83
17 26
94 8
29 11
97 40
31 33
64 99
51 82
39 48
40 45
63 55
25 35
93 76
70 84
37 95
37 57
85 89
86 26
47 5
14 79
30 2
7 11
44 48
96 78
15 90
94 24
61 83
20 56
65 99
55 53
16 32
5 38
80 88
31 77
26 58
36 43
94 60
51 74
71 23
72 34
44 29
84 96
66 90
87 60
14 42
17 10
46 41
35 16
96 73
62 30
3 8
54 86
24 70
29 80
58 37
86 60
65 5
88 55
56 91
74 32
79 20
37 4
68 63
39 15
92 59
58 84
69 42
68 59
25 39
37 7
73 53
55 91
55 47
44 44
69 75
37 22
31 74
90 69
74 74
6 56
98 55
52 89
69 18
26 80
73 35
61 41
68 1
74 31
94 75
87 50
91 37
17 47
13 63
44 19
12 61
39 25
76 93
78 76
31 4
89 32
80 83
55 92
51 85
51 52
98 97
78 15
27 50
57 56
38 44
0 52
82 49
19 8
95 92
59 93
43 74
24 95
89 67
31 46
13 54
7 54
86 79
8 94
72 89
85 95
90 93
49 14
35 5
0 23
27 0
20 36
4 73
16 49
90 91
27 9
36 60
68 37
47 16
61 55
8 7
6 78
21 77
79 68
44 70
88 20
76 87
72 49
40 59
88 74
65 85
13 0
82 66
13 37
74 86
17 86
33 96
99 83
51 89
39 58
1 59
30 81
90 78
27 60
93 60
12 14
75 4
52 87
40 4
27 18
61 97
17 23
32 87
60 56
7 44
39 8
86 61
83 24
44 28
57 77
60 80
4 82
12 58
69 90
46 20
40 76
40 47
96 15
81 88
94 72
50 83
54 30
31 72
86 60
59 75
63 28
57 94
93 84
72 83
83 5
59 27
63 12
81 85
87 28
4 80
15 7
12 69
81 80
51 27
87 37
19 19
4 86
20 54
50 65
22 4
74 52
92 52
84 84
86 26
12 79
13 51
22 36
61 23
50 98
56 39
79 30
16 49
5 73
36 85
91 30
31 5
86 59
42 57
0 89
65 3
61 32
75 29
84 65
1 24
16 8
0 23
1 21
74 81
16 62
82 87
13 53
39 93
56 6
27 14
90 20
28 43
82 32
39 48
19 1
8 9
32 46
96 8
1 17
56 18
83 42
87 31
55 72
22 33
47 25
51 68
42 35
56 60
50 77
81 55
90 16
89 2
76 0
7 89
7 95
27 53
14 15
65 98
1 25
92 45
56 92
72 39
57 28
32 62
36 9
89 64
38 79
93 54
22 39
51 7
92 61
23 73
75 99
16 7
16 50
97 7
69 68
1 86
78 22
78 46
75 91
43 67
13 92
72 6
42 81
98 77
39 88
84 55
32 97
98 55
71 14
56 26
36 95
33 78
61 4
48 68
92 94
6 30
81 24
78 57
94 27
5 20
12 84
50 30
76 92
17 77
54 84
90 24
1 67
21 22
43 32
71 39
77 48
64 90
82 43
66 28
8 26
16 64
16 17
32 91
60 82
66 14
62 62
91 90
38 54
65 67
34 25
43 28
50 24
87 62
35 50
98 98
4 77
27 76
70 28
12 18
99 18
93 18
70 47
87 27
13 82
56 69
61 3
64 62
17 78
63 63
4 39
68 72
60 27
22 1
71 47
8 82
33 28
34 12
98 3
9 72
22 21
72 23
89 86
1 26
56 82
6 24
33 12
77 78
54 38
68 22
25 48
73 48
71 24
73 92
78 26
91 44
55 93
7 1
36 22
28 91
34 56
11 79
43 63
93 31
25 57
22 96
54 61
67 67
7 70
49 0
19 80
3 24
98 1
10 80
89 63
87 26
80 4
61 68
65 22
55 76
70 43
60 54
54 20
13 84
4 10
91 45
76 93
86 51
30 29
85 80
89 57
23 87
52 10
93 76
43 48
73 76
84 74
78 69
99 56
45 66
83 68
79 82
82 26
84 50
92 13
52 92
46 21
52 49
36 74
95 59
97 36
89 23
23 9
24 21
11 33
93 6
94 20
77 37
79 37
8 9
55 69
87 81
90 97
57 21
80 48
79 48
96 12
20 31
36 88
65 61
89 14
30 83
16 59
5 78
25 19
44 35
15 29
17 90
57 66
28 94
91 29
4 80
83 67
50 2
1 35
91 18
10 93
60 74
53 55
34 14
20 29
10 29
64 41
59 64
29 41
55 53
41 99
56 34
15 57
34 0
61 22
76 27
93 1
26 7
42 65
26 93
74 57
95 14
59 69
45 27
0 96
67 9
94 19
33 95
59 38
62 78
45 38
81 61
6 26
10 37
10 94
23 38
45 57
59 71
79 25
99 6
10 77
60 59
11 38
92 91
59 98
96 44
87 85
53 71
93 64
22 9
81 28
58 46
69 51
30 71
1 38
93 37
73 22
33 63
11 14
9 89
75 25
65 65
10 16
94 46
43 71
19 90
76 69
15 52
88 93
7 79
63 50
54 66
87 41
60 64
46 93
44 61
8 71
69 66
98 68
22 49
23 72
21 41
6 36
65 5
64 34
60 78
67 54
95 6
24 5
79 70
25 66
44 24
37 21
48 94
68 55
46 85
46 53
20 45
79 60
33 20
96 57
91 81
73 59
52 52
66 85
67 43
55 40
10 34
55 25
38 22
91 11
26 66
34 3
43 43
68 59
32 26
1 48
77 20
67 55
77 34
11 87
36 68
68 41
98 86
96 68
82 13
7 18
42 11
57 43
23 99
0 32
88 87
70 22
62 54
71 84
10 92
34 46
70 88
28 40
80 85
10 63
29 20
13 74
26 13
95 91
61 36
3 91
21 78
71 27
93 32
29 97
42 39
52 66
88 5
24 93
84 75
89 24
27 55
68 58
29 71
2 33
58 31
65 32
1 80
21 43
56 25
47 1
23 95
96 11
12 7
7 36
89 70
35 1
60 85
60 97
60 26
52 51
25 23
67 67
50 80
78 50
69 98
27 82
47 55
74 17
68 79
58 89
97 69
66 68
52 34
37 5
11 93
25 63
5 37
20 24
14 43
16 92
57 39
0 75
3 87
38 49
85 93
84 88
58 66
42 39
62 20
12 73
26 61
43 16
9 92
97 79
19 4
15 46
80 23
23 64
95 1
89 37
27 44
21 49
13 70
65 89
15 80
57 77
37 94
80 89
90 29
28 56
50 40
38 22
33 54
83 49
82 78
34 10
29 52
65 73
22 28
89 62
47 49
70 41
63 59
83 32
68 15
44 32
74 34
21 29
86 25
92 46
41 45
29 0
97 31
77 74
96 61
5 98
90 45
81 73
42 1
45 88
63 71
66 93
49 47
16 40
73 84
62 87
73 96
71 68
37 47
8 49
1 64
22 37
16 12
13 61
32 39
73 33
3 13
48 80
49 11
84 61
99 38
62 84
60 3
39 72
94 24
42 15
55 6
55 19
64 55
82 9
10 98
47 79
83 76
65 82
3 29
0 66
76 20
23 33
6 47
53 6
16 15
88 30
31 98
68 16
48 34
37 6
75 41
95 34
37 89
93 33
59 50
80 57
80 17
74 47
37 12
82 61
86 91
85 40
53 89
33 96
46 96
49 86
9 45
26 38
99 71
1 87
85 61
89 72
94 74
1 84
96 93
37 60
26 17
97 39
32 71
71 31
43 17
23 2
18 21
87 99
73 31
84 10
36 91
98 46
4 63
22 22
46 55
38 61
90 81
53 69
34 75
77 21
90 31
21 87
23 58
75 90
69 4
2 88
54 8
63 78
64 75
49 51
4 9
58 19
7 94
40 89
41 42
92 66
45 56
69 23
4 84
28 13
66 11
7 20
97 19
44 6
99 94
84 13
74 68
4 86
5 61
78 71
26 47
70 3
2 8
55 44
21 34
68 5
43 4
16 18
14 44
54 93
5 30
65 30
11 55
4 50
52 73
43 38
45 15
9 58
22 88
57 28
26 85
23 39
53 18
68 82
5 4
76 3
9 80
19 8
93 67
58 95
48 15
44 28
42 37
85 33
73 91
53 73
86 52
99 77
48 50
4 24
57 67
79 68
49 35
3 34
14 8
15 5
68 95
49 96
12 50
16 22
55 3
82 90
58 96
18 25
20 87
87 72
12 68
2 16
27 40
36 43
91 21
98 32
85 76
52 78
41 62
4 55
76 97
41 75
18 44
44 46
96 38
77 70
92 88
1 43
52 34
30 57
60 27
44 56
79 50
79 27
63 56
24 27
75 7
25 36
94 5
83 3
74 6
30 10
46 78
8 42
64 43
62 7
9 81
35 25
66 94
49 73
35 20
33 61
66 89
90 65
70 91
25 98
52 48
31 36
74 35
68 39
46 87
67 45
14 20
97 87
29 48
10 69
32 20
62 87
95 91
84 38
45 53
1 58
67 79
55 36
27 91
4 59
80 8
41 35
34 15
34 87
58 71
3 79
52 93
55 28
14 15
88 11
9 88
88 11
59 9
11 87
11 53
80 95
52 71
44 93
86 83
61 3
43 48
31 52
9 86
5 40
13 60
73 56
68 95
41 53
3 63
97 75
52 73
45 33
19 2
97 83
70 76
6 45
45 23
94 82
73 49
74 79
15 8
76 61
51 83
24 8
13 99
79 38
27 4
86 31
5 49
15 82
42 57
41 55
28 58
85 51
62 42
81 1
79 71
24 62
5 67
49 36
71 61
45 62
36 46
71 75
74 48
42 20
74 94
15 43
92 48
91 85
88 34
43 58
70 83
9 16
0 72
73 61
62 16
13 85
63 67
81 19
89 62
83 38
61 1
90 48
8 3
28 62
77 65
34 38
88 65
15 85
18 61
63 39
74 93
33 89
12 13
7 50
56 11
69 33
16 59
41 41
49 32
41 4
12 50
97 58
5 68
91 90
4 71
64 95
67 40
77 44
42 3
17 15
41 72
65 43
39 27
49 64
59 26
69 25
24 9
92 68
24 97
12 96
82 14
98 47
0 32
15 29
62 95
92 68
57 45
21 26
86 34
12 52
18 74
12 44
70 44
56 53
91 15
46 85
32 9
35 16
39 65
13 12
4 89
91 24
79 89
27 56
93 91
37 9
74 51
99 69
90 53
68 94
16 8
94 55
22 49
55 55
86 96
30 37
52 26
50 63
89 85
58 87
55 8
77 71
47 58
53 88
43 16
20 37
84 52
47 85
3 33
48 82
10 37
87 36
41 22
17 33
5 40
23 58
50 5
27 70
60 86
58 5
11 18
53 96
47 52
93 3
48 70
84 47
18 91
31 85
97 96
53 46
81 51
57 52
12 80
31 6
70 84
62 4
24 82
46 18
92 64
80 20
49 7
11 32
56 87
6 80
94 45
61 46
39 37
88 75
58 30
5 79
41 92
38 57
39 77
59 78
13 71
21 30
86 33
87 87
70 40
52 29
29 40
26 14
39 11
9 10
28 34
18 21
37 37
57 12
92 75
33 22
36 14
87 8
23 12
82 91
10 59
2 92
18 22
38 88
79 73
39 57
13 5
77 61
26 8
47 69
79 91
15 57
62 88
79 78
11 79
79 92
94 12
51 9
97 11
7 45
26 18
26 64
58 38
70 93
47 48
69 13
76 78
1 91
91 50
24 48
24 11
71 66
46 18
19 37
89 30
81 94
15 27
10 95
96 27
98 46
41 94
42 38
82 31
95 32
27 44
78 6
84 27
29 25
60 93
95 14
68 80
54 5
19 7
32 67
77 44
68 49
84 69
83 58
50 87
18 52
77 37
93 25
4 84
69 13
99 42
54 62
96 64
68 20
14 23
55 6
69 2
4 93
92 90
98 3
20 90
97 55
54 25
82 55
79 49
19 70
58 25
72 83
22 98
75 73
44 30
39 89
2 53
39 1
49 33
29 83
80 55
73 13
70 89
20 69
63 95
52 72
10 93
50 99
13 36
1 70
60 73
41 80
15 24
84 67
6 25
40 92
78 74
65 26
9 73
7 16
58 69
51 91
91 91
19 40
59 72
24 46
11 23
8 20
7 84
63 78
57 22
25 40
9 13
1 98
91 72
76 98
21 92
13 67
76 19
3 60
66 74
27 0
90 5
52 99
95 4
77 89
92 37
74 50
59 41
89 98
72 11
82 97
28 92
8 5
11 0
23 22
95 19
43 2
51 39
46 95
15 69
37 22
8 6
70 29
98 8
86 20
79 2
49 11
43 4
59 39
10 82
26 10
26 23
79 83
54 96
57 26
90 34
3 28
4 89
58 35
83 66
51 1
41 80
22 22
50 73
59 74
58 70
88 20
95 77
55 7
1 45
81 34
30 28
7 95
86 0
13 71
57 43
64 70
58 73
80 92
48 46
50 79
75 60
45 31
54 77
3 38
58 41
7 38
29 23
66 71
56 50
35 25
86 38
78 21
98 34
91 67
30 84
51 85
53 39
66 6
74 65
0 4
27 29
22 10
72 62
3 8
23 37
20 33
84 63
56 88
1 71
56 74
4 82
94 91
84 84
74 54
52 50
65 70
50 49
38 66
95 98
23 54
35 17
61 79
88 99
78 62
74 15
2 89
98 13
19 99
31 62
62 36
32 87
67 94
3 60
64 73
50 22
5 90
4 36
41 0
54 38
97 2
30 23
17 72
28 25
83 36
63 98
9 92
14 70
49 1
0 46
66 17
49 35
77 62
18 63
45 10
26 7
48 2
49 10
85 31
61 1
50 66
48 76
63 14
18 63
31 19
91 20
47 97
83 76
7 51
96 61
43 74
32 47
7 53
51 81
19 54
55 38
94 16
94 35
60 43
47 79
49 5
62 46
96 94
37 26
48 66
63 47
9 41
19 69
30 79
56 96
90 81
80 35
73 84
41 3
37 33
63 98
48 45
67 15
67 2
11 9
59 85
79 64
7 41
92 58
86 36
87 42
35 68
1 1
18 93
4 69
57 21
76 75
83 33
35 8
43 70
25 16
44 18
44 78
63 51
71 41
54 44
42 59
12 84
29 87
74 3
64 13
8 96
83 75
90 51
25 96
32 90
55 19
20 71
90 45
99 0
64 20
23 23
47 52
52 15
34 14
63 71
74 2
43 93
72 1
82 57
39 76
75 43
92 64
50 54
88 14
99 99
67 0
95 62
3 9
0 62
2 45
87 55
55 61
77 27
78 66
49 2
75 32
71 83
53 96
6 70
44 21
37 39
27 31
53 43
50 45
42 10
74 53
90 8
66 10
82 68
26 21
62 2
42 43
12 23
2 10
72 27
68 29
87 30
77 1
50 19
23 33
17 25
74 50
63 86
34 52
30 99
29 91
98 8
12 9
91 52
27 3
77 93
41 59
85 59
73 41
60 70
35 69
97 21
86 87
6 10
58 55
86 16
81 12
19 70
97 88
55 9
68 50
64 39
10 18
57 2
55 20
62 81
67 72
11 96
6 57
67 98
39 72
74 98
34 87
60 67
45 61
52 49
16 29
50 67
97 7
93 79
83 49
48 30
97 86
53 96
89 59
3 68
13 51
16 79
26 1
38 83
39 71
23 10
53 92
98 44
88 53
80 26
4 13
23 99
45 48
78 84
72 70
85 38
56 27
26 34
11 41
76 94
0 75
67 79
9 5
84 71
12 1
95 31
84 4
70 99
69 14
67 4
83 1
25 90
11 61
83 60
35 68
14 13
20 68
48 24
5 65
28 78
61 27
80 62
9 21
81 41
59 35
66 48
66 77
15 71
92 4
92 63
24 21
0 50
91 88
59 97
77 83
95 98
3 58
5 3
20 5
60 3
45 84
78 92
53 94
28 65
13 97
51 36
31 41
31 14
9 7
18 62
52 8
92 27
38 83
34 54
9 3
60 92
57 56
40 60
63 87
44 47
31 8
90 87
55 15
42 81
41 83
40 71
76 99
44 94
37 77
58 64
19 36
41 16
96 8
43 60
34 1
89 31
66 56
65 72
22 32
53 92
25 33
66 52
43 50
13 93
9 45
65 63
20 31
73 83
1 51
79 80
24 19
37 96
45 57
26 64
38 60
57 53
31 64
34 89
42 69
77 86
98 42
35 96
94 93
78 33
46 54
32 24
10 34
35 50
66 17
19 17
32 2
29 2
68 5
11 74
9 33
60 63
84 21
13 96
82 97
15 34
73 77
15 48
55 13
12 1
23 93
52 1
20 75
85 9
83 15
53 55
99 62
92 86
51 54
70 37
72 28
93 94
99 35
35 53
13 93
38 25
89 8
59 34
70 30
90 48
26 36
53 57
26 83
87 73
86 4
70 49
11 10
94 45
72 5
60 57
18 89
67 63
68 35
38 18
1 64
83 50
79 72
58 90
52 29
68 86
79 27
78 39
65 6
52 91
80 50
23 93
63 90
27 49
36 77
13 72
23 76
84 51
99 84
12 80
94 43
68 44
24 69
44 30
48 57
7 1
78 27
15 14
56 56
57 92
68 88
38 92
62 79
58 18
42 56
56 65
56 6
34 67
50 63
91 0
33 42
46 37
28 47
88 14
61 22
9 61
14 84
27 93
67 21
11 17
40 95
89 3
93 5
90 75
57 40
60 36
76 82
97 0
56 15
91 43
94 33
79 58
92 38
23 73
70 93
66 79
53 34
7 32
83 41
37 88
80 14
93 42
21 36
72 87
31 91
67 64
90 4
76 85
23 78
63 79
58 92
52 68
84 28
35 74
20 82
89 22
92 61
25 74
99 41
92 28
21 26
52 21
74 28
51 40
62 91
46 39
73 89
47 12
2 58
24 64
53 71
73 61
70 78
85 32
92 5
19 85
97 29
15 41
86 32
36 93
39 54
32 29
73 33
38 8
83 27
18 54
86 97
90 53
56 89
64 4
70 43
68 53
37 99
47 70
22 93
8 39
16 34
9 10
3 7
25 14
35 64
30 12
7 15
22 46
66 73
14 22
22 79
56 24
83 61
72 31
66 55
17 77
27 24
30 56
99 40
85 59
6 21
58 22
92 26
28 21
54 98
83 71
91 11
53 57
84 58
6 0
49 37
98 69
74 72
2 92
77 32
41 31
11 73
69 16
0 37
12 56
6 30
80 81
7 8
2 78
92 99
94 65
29 0
92 10
97 85
1 90
44 58
58 91
72 53
88 74
80 97
91 96
48 51
8 1
84 85
60 42
95 75
75 34
80 79
89 28
74 60
60 7
93 66
82 93
75 84
1 60
68 26
92 18
6 69
99 60
60 59
26 41
16 43
86 28
63 83
88 83
47 16
42 13
0 81
71 95
48 83
59 54
84 19
51 64
76 85
46 4
85 57
48 27
85 75
53 81
57 27
66 67
2 65
3 30
65 31
25 47
53 85
70 17
36 12
89 76
96 22
4 95
71 13
14 20
28 74
70 82
32 68
13 36
89 45
64 24
40 55
90 7
21 87
7 59
15 50
97 61
33 61
89 7
12 68
61 77
82 97
21 0
6 1
96 14
97 14
4 81
29 30
24 90
55 76
69 73
6 17
51 58
62 6
46 2
23 37
68 44
82 91
20 49
88 67
92 26
17 20
63 68
55 76
30 16
60 29
84 68
5 37
0 73
92 20
78 87
3 8
28 42
70 29
41 31
38 42
95 22
79 40
46 1
63 16
21 0
76 46
41 66
68 40
6 9
3 56
21 86
41 79
75 20
20 6
24 24
68 45
36 59
13 69
84 43
17 86
56 92
15 18
91 9
67 69
80 2
79 21
35 71
77 19
91 92
45 79
63 98
78 37
63 54
52 33
1 44
69 59
71 75
93 94
78 84
61 34
3 56
3 20
13 29
70 39
4 39
29 88
20 27
87 49
1 93
36 73
53 31
87 83
14 93
57 81
79 94
64 55
41 3
33 41
38 34
70 57
80 42
24 36
15 9
0 58
85 26
5 63
89 84
94 45
14 94
64 8
25 61
6 98
69 11
95 99
91 70
7 65
5 80
86 15
98 55
45 75
31 68
35 27
52 63
67 10
74 23
70 63
16 20
76 92
40 44
82 34
11 39
2 64
39 28
70 75
79 25
34 93
96 2
73 85
15 45
38 13
75 22
35 89
40 55
10 83
84 35
93 43
34 90
95 58
84 32
41 21
97 59
63 40
83 74
4 12
77 20
19 63
80 68
23 22
86 98
99 87
47 78
66 46
24 59
10 30
26 67
32 84
53 17
19 83
76 99
12 4
98 97
82 80
61 69
33 55
1 33
25 60
13 70
35 86
42 26
95 33
92 73
40 86
6 39
40 71
67 53
89 86
2 64
82 87
66 2
34 4
94 56
82 33
16 8
78 0
7 24
13 30
55 58
72 3
16 45
84 83
29 48
59 6
74 30
61 84
92 69
34 44
68 83
91 78
66 14
69 12
67 31
85 22
66 62
35 40
31 75
60 48
77 92
85 67
93 13
13 77
46 44
73 4
55 74
88 40
87 86
57 4
31 77
15 21
85 21
40 89
32 18
35 97
72 97
0 30
31 51
87 79
44 65
99 39
83 10
96 39
9 10
93 87
6 4
95 42
56 39
0 33
26 72
91 71
85 35
72 14
93 94
18 77
19 2
92 30
5 81
29 34
46 48
31 87
88 42
69 9
28 88
99 49
49 90
66 81
36 46
41 96
74 80
28 1
41 22
71 45
72 1
13 26
54 87
25 61
42 66
68 23
0 0
57 64
66 9
17 84
85 2
47 75
98 92
55 83
65 29
25 11
28 56
69 90
99 15
72 20
87 99
10 88
44 44
65 3
32 7
88 8
73 76
1 76
54 93
64 68
88 86
78 12
14 92
97 43
95 87
0 1
75 83
33 83
49 18
81 45
3 86
7 20
19 70
21 79
20 33
67 39
84 95
58 58
61 27
88 4
65 89
41 63
51 73
26 97
78 56
35 95
28 24
26 33
51 54
21 23
75 43
96 54
76 87
96 10
65 3
52 38
14 72
98 91
54 9
32 22
7 20
60 45
14 87
44 26
78 94
22 4
88 3
75 42
93 26
94 63
19 7
51 49
53 56
45 92
20 75
85 61
25 8
24 46
33 18
54 60
87 60
84 44
25 5
7 9
78 73
54 59
6 74
34 48
6 21
88 31
45 11
31 54
27 14
66 6
18 45
96 30
6 82
98 16
13 29
53 35
19 90
49 38
6 90
37 20
45 52
8 64
54 65
7 18
93 68
96 95
95 44
34 45
80 26
30 91
41 67
93 72
16 38
59 93
59 90
48 24
19 95
53 38
98 73
37 45
44 61
24 98
55 75
48 49
60 23
10 59
91 28
59 47
14 9
96 44
38 90
43 93
51 63
6 22
93 20
97 62
79 52
99 66
11 46
73 61
14 69
11 68
9 2
71 28
0 64
7 98
38 22
49 66
13 37
25 79
12 0
15 10
10 67
5 69
13 45
67 10
50 92
5 27
35 62
1 56
42 89
49 55
52 34
15 60
22 27
32 58
94 98
74 0
26 29
97 99
96 80
0 63
57 20
67 32
68 65
8 47
17 77
42 9
35 90
41 27
5 42
88 70
4 43
7 17
61 94
33 13
33 71
69 29
34 45
11 2
4 13
69 24
84 85
46 37
99 3
51 30
98 27
25 80
0 45
6 88
62 82
39 51
14 22
21 23
26 27
51 18
67 96
16 84
43 96
89 46
56 99
49 73
54 89
42 12
72 34
43 46
50 49
80 48
1 86
58 2
56 22
40 47
77 80
69 62
39 33
38 98
79 91
30 97
0 35
77 13
36 52
14 35
63 80
56 60
78 97
98 29
56 22
34 82
47 51
31 7
99 14
27 77
67 36
75 90
76 71
4 55
66 61
66 66
80 93
71 5
59 72
82 9
38 47
57 6
53 8
59 66
23 90
62 96
12 44
16 39
99 36
64 99
72 0
68 64
25 5
97 85
86 12
38 22
27 22
36 28
61 2
66 36
60 45
16 23
39 5
9 77
32 34
73 65
85 25
72 24
35 33
9 64
95 63
46 83
58 29
4 44
5 63
14 81
32 26
69 13
99 57
58 12
83 33
11 97
70 43
54 83
25 59
56 63
84 91
70 21
43 89
62 77
12 38
87 76
14 51
32 83
36 90
22 23
36 37
33 61
14 44
6 52
19 97
18 25
47 43
97 35
75 55
80 71
67 59
23 1
83 31
59 40
91 43
15 94
56 46
93 48
69 63
76 16
58 25
51 20
71 11
0 34
21 10
98 32
53 34
44 46
69 15
36 45
99 99
3 58
50 60
17 8
15 20
95 35
53 25
7 69
73 42
71 97
29 1
62 85
14 59
28 72
75 77
88 21
56 96
71 79
7 43
34 45
61 51
84 72
32 71
45 58
28 94
22 81
60 46
50 17
22 10
37 50
49 30
39 77
54 85
91 68
21 95
8 57
74 73
51 35
36 9
94 27
76 78
85 82
81 56
47 66
42 12
52 22
20 82
88 85
46 30
54 42
6 12
42 29
87 84
52 74
12 82
86 71
18 18
79 35
44 46
37 0
5 7
44 40
27 78
1 0
79 83
74 57
14 23
74 8
90 1
34 38
56 62
21 47
80 18
42 52
5 94
80 8
32 48
35 29
87 88
12 7
62 40
45 76
76 54
10 59
37 57
31 94
72 57
39 99
21 70
64 19
73 11
0 70
5 12
67 21
26 21
30 13
34 50
56 71
4 35
63 77
12 94
25 76
81 39
79 94
90 79
90 25
27 73
24 57
74 49
69 55
86 82
63 83
23 39
75 23
54 24
13 44
21 10
89 92
42 80
19 28
1 63
51 37
32 88
22 98
79 33
21 44
87 74
91 4
93 20
93 16
90 11
76 32
38 83
83 95
64 84
5 51
29 91
65 29
91 65
92 44
18 46
27 11
87 0
93 89
97 53
56 77
93 23
7 6
95 39
14 77
66 87
22 0
74 84
2 45
88 10
75 72
93 58
38 81
64 98
23 73
18 15
58 7
19 79
95 90
86 88
52 65
76 89
89 46
1 40
51 42
19 60
78 81
91 51
0 25
69 67
3 86
68 64
84 81
34 37
68 59
33 88
11 36
2 27
64 6
69 77
24 16
57 23
47 96
69 27
35 52
67 75
90 9
20 6
38 80
52 16
22 50
87 78
96 33
33 31
5 63
30 25
49 66
21 68
96 65
6 65
60 78
33 85
12 84
5 31
7 27
64 36
57 90
61 82
31 45
64 35
10 51
1 98
78 37
7 29
10 59
78 29
75 26
51 99
32 11
55 13
5 19
71 17
41 96
94 4
92 31
39 1
9 66
89 94
10 44
24 76
41 7
90 67
67 29
89 44
88 45
27 3
90 60
20 7
45 43
86 64
42 28
79 95
6 57
66 23
38 80
23 75
49 96
72 71
42 90
56 53
14 67
4 73
47 93
3 58
14 96
2 34
67 76
47 75
39 36
64 48
2 8
68 92
93 3
55 53
94 90
7 16
51 13
66 6
44 71
56 18
92 11
32 30
1 26
23 39
50 66
44 77
66 1
36 26
3 63
56 73
68 48
7 30
43 78
89 72
37 85
96 35
95 99
62 20
1 66
60 46
53 72
30 70
10 39
46 40
13 1
29 7
64 57
67 55
1 46
42 54
2 36
46 90
6 33
40 88
74 29
24 88
94 1
36 35
69 41
98 64
92 64
17 44
34 84
75 80
79 62
56 84
98 63
78 93
83 72
9 99
86 19
62 88
90 22
8 60
33 99
0 61
48 61
92 58
85 7
99 31
27 58
24 43
74 15
9 58
80 69
69 99
51 80
95 72
96 67
53 85
8 19
9 23
89 88
91 38
74 39
52 97
34 89
65 93
98 80
98 59
94 99
88 85
3 98
57 95
38 19
71 66
55 70
24 10
26 64
73 21
13 2
21 35
28 40
95 15
58 85
17 42
21 95
59 38
32 68
95 45
42 54
27 40
57 7
54 82
44 70
30 61
2 96
42 64
69 46
58 37
62 34
51 77
29 81
37 84
78 88
98 11
5 73
8 57
80 16
58 63
27 73
83 60
25 88
95 3
56 4
91 36
69 4
59 10
53 36
2 1
71 66
68 75
95 68
71 86
10 29
0 42
31 34
75 37
18 27
5 74
59 34
29 38
60 79
81 44
2 64
67 48
58 20
20 90
80 54
58 80
56 83
60 41
80 0
50 23
8 61
40 92
48 79
96 16
3 50
38 50
53 99
70 65
6 35
43 8
35 68
15 69
10 90
95 49
69 48
77 36
4 17
46 9
32 72
53 63
82 50
89 34
15 54
14 75
68 10
75 46
70 74
10 3
52 1
8 87
32 42
87 7
38 63
17 73
54 72
47 86
73 83
42 31
43 76
24 20
88 46
63 50
95 59
41 12
82 45
75 5
31 69
40 16
26 4
88 63
64 95
58 36
99 96
49 77
20 31
26 87
22 58
99 2
63 31
2 42
19 85
25 89
75 78
88 27
72 56
44 98
12 47
59 55
42 77
43 72
1 11
3 12
53 92
88 48
90 95
80 56
36 98
57 89
36 68
16 16
31 74
40 87
52 90
52 94
0 19
95 16
79 29
4 83
46 44
45 34
31 75
92 30
25 31
55 55
25 36
67 79
48 87
84 75
6 12
36 21
58 26
62 9
50 61
0 0
90 79
30 39
48 86
13 92
98 73
8 1
88 97
46 24
87 98
56 74
35 90
32 88
56 5
7 16
46 66
95 84
54 37
15 2
67 69
83 50
87 88
23 9
43 96
51 79
28 16
85 92
70 96
94 95
17 73
38 63
67 0
53 97
33 65
17 37
53 87
34 96
43 43
12 90
75 28
13 49
75 29
10 38
77 85
37 58
55 54
11 83
52 41
67 56
38 84
64 15
42 61
31 34
72 82
4 24
8 54
85 24
15 24
47 86
58 41
70 73
0 10
91 69
42 23
56 25
36 57
94 12
70 71
61 24
32 27
1 55
1 18
21 9
94 1
93 10
86 6
95 88
37 16
21 15
81 38
68 85
44 53
25 32
44 84
77 34
32 99
90 91
84 23
32 61
2 2
19 12
37 9
15 67
70 82
25 79
49 3
48 30
34 80
52 47
77 28
90 52
71 33
28 76
87 34
58 14
92 4
77 34
91 41
51 86
22 61
36 87
66 89
67 74
66 57
51 93
82 52
8 47
35 67
89 82
47 34
4 22
95 98
64 10
27 12
29 6
7 80
97 97
15 97
89 40
84 8
39 42
8 64
67 5
90 81
24 85
36 32
29 52
69 41
87 42
34 58
96 69
51 40
32 64
90 15
43 39
83 30
79 95
10 63
64 91
97 64
29 90
30 63
61 87
52 72
66 33
65 8
64 69
7 48
9 76
81 18
84 29
85 31
80 50
43 70
58 90
96 44
9 67
4 84
84 61
73 97
30 15
10 78
74 76
11 53
73 21
53 11
64 85
24 22
60 76
2 65
1 32
87 24
83 53
75 43
83 21
80 68
53 20
65 43
57 84
18 10
83 50
37 21
59 27
25 24
85 38
80 50
42 99
50 45
15 17
59 43
97 31
5 10
26 80
28 68
9 95
6 52
8 85
39 65
78 27
31 64
99 30
13 56
24 86
56 26
78 61
80 17
99 71
36 51
78 91
65 76
23 31
37 79
59 41
61 83
56 41
40 11
52 54
1 97
51 41
26 56
27 87
26 48
20 69
12 66
19 85
50 80
81 27
60 38
64 3
80 74
54 69
34 73
78 68
84 18
55 87
4 66
22 58
57 49
20 69
94 64
36 54
53 51
66 71
11 46
23 85
8 94
31 31
50 65
89 34
69 50
97 70
18 97
44 5
72 19
55 63
95 69
29 26
50 18
83 95
10 30
53 68
61 56
39 95
44 80
71 79
37 82
0 17
16 93
76 62
68 51
74 27
44 3
43 61
59 97
2 51
69 55
13 0
23 64
26 9
92 13
90 63
0 29
13 0
1 9
50 24
85 60
24 86
32 37
65 84
27 99
22 3
79 60
8 26
81 45
33 41
90 69
93 41
78 96
15 75
27 69
79 19
27 20
10 46
62 45
32 85
73 57
68 31
57 62
52 56
28 52
31 36
85 59
1 39
59 10
46 50
36 79
13 7
38 60
30 60
25 76
18 54
86 94
26 35
71 48
39 68
56 25
52 24
46 4
49 12
30 92
38 14
53 76
23 48
61 34
18 37
2 85
81 13
94 91
15 59
41 48
9 72
65 98
89 19
97 63
49 48
25 50
24 33
29 47
50 2
82 22
62 59
57 36
25 84
57 87
40 32
75 63
44 42
55 94
29 15
46 69
57 36
34 51
27 96
30 78
52 25
51 91
12 32
74 35
60 85
74 43
43 96
0 3
6 84
93 95
56 54
85 98
10 58
30 88
31 4
42 1
28 41
56 2
86 39
24 92
44 70
82 47
55 44
29 20
34 40
25 38
47 63
97 97
87 3
45 72
85 7
74 53
58 6
91 3
23 79
33 91
80 22
18 42
4 53
30 5
81 81
89 18
41 49
15 23
81 51
54 12
96 71
18 46
31 41
83 37
92 2
11 93
49 25
23 60
47 45
55 55
42 43
66 56
38 38
95 3
58 23
35 35
36 78
54 67
82 32
95 32
60 75
55 30
42 95
8 62
35 94
12 46
89 30
7 59
67 33
9 10
68 97
66 30
34 26
82 73
60 33
96 13
51 10
48 77
63 12
56 96
44 55
93 21
11 42
30 64
18 58
53 19
39 23
28 73
85 93
53 99
51 94
90 24
86 35
96 14
60 92
82 33
50 31
77 68
2 83
25 26
10 81
71 83
5 11
8 99
41 77
76 18
29 33
85 36
47 98
85 31
26 79
75 6
22 76
29 48
4 17
50 30
20 58
30 62
16 43
96 33
87 53
7 13
73 64
24 10
45 23
97 21
32 85
23 67
56 25
37 65
73 44
66 80
26 21
83 19
31 62
83 90
66 49
26 5
8 5
21 61
85 22
22 91
95 86
90 59
74 30
37 58
4 60
40 71
95 22
38 62
91 43
96 79
50 5
33 90
73 67
58 66
1 19
81 15
73 94
36 86
66 23
88 12
41 66
7 92
91 62
19 73
43 32
68 95
71 49
43 71
48 98
24 25
20 90
73 77
9 18
28 41
11 20
4 50
4 52
70 54
39 55
5 37
83 0
67 95
26 85
98 60
94 10
39 25
98 56
56 38
16 28
4 72
18 85
47 37
94 83
39 90
62 30
98 53
52 23
96 54
38 69
20 7
14 10
30 14
20 23
4 94
92 66
34 54
57 66
2 45
86 20
56 27
73 72
12 87
97 5
65 9
24 73
86 69
60 81
95 97
97 81
46 52
76 38
95 84
62 59
73 17
68 85
1 82
46 71
20 83
50 86
16 88
30 50
95 49
24 60
96 2
5 96
30 93
84 14
66 17
25 41
19 74
77 40
28 27
91 9
82 26
83 2
30 6
99 70
33 85
47 56
38 80
13 22
92 4
48 96
97 66
33 6
50 75
88 40
56 93
4 44
41 72
49 21
91 72
96 18
66 21
12 9
25 76
48 61
83 46
9 22
70 67
38 95
28 89
25 40
40 68
79 86
63 20
11 48
19 49
55 27
87 82
15 23
33 54
38 63
49 86
19 59
42 79
84 37
6 23
89 98
9 65
6 58
98 42
77 81
70 94
99 79
40 96
29 7
5 5
68 27
48 37
40 7
5 87
76 71
84 26
58 1
23 52
68 36
83 52
0 85
3 86
16 8
53 62
5 59
23 45
85 69
61 47
50 98
19 66
81 16
22 53
27 33
18 57
46 7
42 36
11 97
15 94
19 92
10 93
8 52
5 11
33 17
88 39
0 96
16 80
95 50
59 1
25 14
61 62
11 45
19 54
86 75
6 82
86 97
46 4
76 19
72 35
16 51
48 78
91 65
95 55
42 56
92 42
38 60
25 10
31 69
77 43
46 53
44 65
88 66
18 20
31 94
47 0
99 67
19 3
30 69
61 1
75 5
73 51
21 91
87 31
2 15
66 42
22 25
0 51
22 27
34 4
4 43
24 19
77 9
55 59
73 68
54 22
6 83
34 49
79 19
25 49
17 4
56 4
58 85
52 42
18 24
90 97
36 65
1 91
71 69
5 33
84 90
86 15
41 57
67 59
58 93
51 10
95 66
36 17
43 28
42 59
63 49
2 11
14 56
44 9
96 55
69 86
44 27
1 64
86 43
44 82
20 27
87 83
49 86
82 44
76 78
55 85
42 42
37 65
70 79
23 89
32 27
99 17
72 72
82 76
36 9
60 25
1 66
19 31
53 28
89 58
69 59
39 22
66 27
17 19
81 96
42 70
51 90
98 35
4 15
19 87
20 67
32 37
15 55
41 71
81 77
74 70
10 63
50 66
7 76
84 11
2 2
47 48
22 66
95 24
17 46
30 87
20 49
60 69
60 36
11 46
29 59
38 33
68 78
79 2
33 45
31 46
65 89
17 81
72 93
34 3
34 19
44 89
90 0
32 54
72 87
26 22
55 88
3 7
22 92
20 74
41 70
5 75
14 49
31 74
25 57
79 73
23 24
20 0
38 14
88 60
1 14
21 87
85 90
10 59
61 93
3 49
22 4
76 20
74 75
10 2
2 28
82 1
65 11
60 14
67 68
55 62
41 27
34 26
31 43
54 61
56 33
61 16
28 13
62 77
76 21
10 86
82 56
15 68
83 34
98 83
13 91
14 45
68 97
3 7
39 73
17 98
83 96
97 26
72 50
4 19
33 76
54 81
5 75
1 58
13 12
39 52
68 21
65 68
64 96
73 25
47 22
65 58
70 2
21 16
97 48
30 58
35 28
72 57
75 36
85 30
35 61
23 89
57 84
28 96
59 27
24 69
90 45
87 36
54 32
71 49
39 21
52 45
84 34
94 14
25 35
31 84
42 61
30 17
95 50
11 1
60 28
36 46
97 50
55 37
46 68
64 46
63 99
2 73
60 8
21 73
79 52
23 61
70 96
40 21
30 45
70 62
52 66
64 93
23 57
97 5
74 24
80 83
28 97
67 9
21 4
57 46
91 19
97 9
1 46
36 36
66 4
20 67
34 9
98 97
52 38
60 23
75 14
7 63
22 75
20 26
1 72
78 72
11 12
76 15
61 23
7 63
40 14
58 45
78 25
60 43
1 77
9 51
64 16
65 42
94 44
85 7
84 62
60 76
82 59
37 76
89 71
77 85
15 77
40 96
40 11
15 3
40 78
1 90
69 41
45 5
55 98
10 41
60 21
14 41
76 36
76 95
65 2
38 51
16 44
34 63
49 65
27 72
7 57
69 44
95 32
13 24
77 12
91 56
99 96
93 12
26 35
77 49
86 92
86 93
94 47
67 95
84 84
63 71
66 14
12 96
89 67
95 31
60 78
15 55
52 1
49 21
27 64
40 22
23 82
56 38
65 38
85 83
29 65
97 79
76 98
5 31
15 17
63 12
65 36
52 50
76 15
6 55
36 80
56 5
93 14
49 35
5 45
50 24
53 66
67 29
89 7
47 80
45 58
87 14
83 74
28 59
78 14
88 62
35 21
67 30
90 26
74 59
83 17
15 58
63 16
54 80
21 87
59 12
64 62
74 3
99 97
20 71
6 74
26 48
38 41
67 38
56 24
4 7
66 48
52 28
51 76
70 49
17 0
45 2
99 33
35 8
23 59
23 89
88 39
17 38
53 10
37 9
74 46
18 34
79 51
48 55
82 1
98 44
12 24
29 36
27 75
83 12
65 61
27 83
65 49
33 87
14 14
80 62
41 94
67 85
44 86
17 30
35 82
28 92
6 85
23 35
63 24
70 55
61 24
30 1
84 45
42 68
51 87
18 94
64 6
66 64
11 62
21 90
98 77
14 85
28 61
90 33
39 49
16 3
6 46
57 64
78 29
56 52
24 47
89 5
95 13
72 30
92 37
45 42
8 5
17 33
32 75
84 70
27 84
8 78
59 45
20 68
49 42
51 93
83 61
90 38
67 19
77 35
25 85
57 67
8 90
1 5
37 66
7 89
52 94
76 92
7 51
15 48
19 21
74 39
46 73
1 77
19 20
41 52
44 96
81 88
90 48
30 96
20 60
16 47
73 12
46 82
31 46
90 13
84 0
78 63
20 50
54 11
7 48
95 49
13 76
60 2
90 67
7 56
55 92
54 35
2 68
87 75
9 92
16 46
50 48
83 61
10 38
5 40
59 67
41 13
86 44
23 13
21 63
6 57
9 86
87 90
60 60
99 24
77 35
14 72
71 98
13 52
47 64
25 35
56 73
81 93
17 4
18 32
42 20
1 0
47 74
61 88
10 15
21 37
1 2
60 22
79 85
27 13
27 73
76 73
49 94
24 57
17 7
17 75
90 86
5 41
92 44
17 76
64 60
31 45
75 37
50 69
80 4
59 80
2 91
36 77
39 90
46 68
31 23
72 72
43 77
98 59
64 65
7 11
11 25
3 73
22 32
0 25
96 21
39 43
25 59
69 4
68 21
27 10
26 67
27 53
31 37
67 22
43 15
43 92
81 33
22 0
91 27
77 77
58 31
4 85
39 1
33 26
94 48
82 92
98 71
9 58
90 15
66 96
38 95
21 56
57 76
72 99
93 46
3 17
11 30
94 12
84 26
63 46
17 57
32 82
43 52
99 36
3 53
85 95
52 21
52 82
56 10
73 98
4 61
52 15
42 78
52 89
61 88
50 16
48 74
33 3
46 36
33 42
62 29
21 63
17 22
9 87
84 91
16 80
88 28
53 12
83 3
24 67
33 56
43 26
43 85
77 36
22 4
31 69
7 85
34 33
94 8
80 34
16 75
94 57
78 84
85 91
46 61
24 26
56 87
70 69
70 48
60 53
16 52
1 57
54 63
95 60
70 77
5 88
45 82
7 31
29 79
18 74
88 12
73 36
15 48
19 88
77 81
14 80
98 57
2 13
32 70
6 93
61 36
80 57
37 64
87 55
61 50
2 25
40 12
91 55
93 90
25 57
53 2
6 8
2 9
15 22
49 45
73 4
12 12
84 24
74 5
38 48
87 14
14 17
83 50
38 67
94 47
14 28
2 30
77 11
56 85
8 75
19 94
73 20
26 15
54 10
48 26
0 79
50 69
46 26
39 80
73 45
59 2
96 62
70 49
99 58
14 10
1 37
72 20
54 62
7 32
42 10
94 73
80 15
86 65
78 71
78 55
30 20
15 19
36 59
15 39
52 4
62 55
66 16
51 27
64 5
47 71
56 97
60 95
27 38
60 32
42 45
80 96
75 50
90 77
49 90
76 16
15 34
12 75
63 23
41 15
23 50
39 52
56 14
38 41
89 28
31 84
93 15
99 85
13 44
4 42
41 39
34 28
42 87
70 8
3 10
37 88
18 89
66 47
90 78
33 57
86 86
87 48
0 90
9 8
83 40
42 25
35 28
79 19
83 92
6 41
87 10
15 42
10 69
9 76
21 17
91 21
38 4
45 4
59 49
22 79
31 66
43 18
38 50
54 69
63 36
47 10
67 87
95 45
27 30
75 39
6 94
11 12
72 97
79 8
46 49
96 16
35 6
84 66
15 12
36 54
78 32
54 31
15 52
42 61
1 1
32 20
49 17
26 37
17 6
32 72
29 86
69 30
80 35
60 59
50 20
91 51
87 80
46 4
54 54
31 87
67 38
12 87
10 68
54 42
69 94
1 52
23 95
56 1
87 17
35 38
42 94
54 34
60 7
35 45
66 16
50 85
95 16
40 21
68 32
58 66
64 82
48 56
70 20
86 9
41 9
65 95
17 59
77 44
31 29
65 86
13 71
0 49
95 4
3 20
21 40
43 17
74 50
32 72
24 15
26 30
73 27
35 67
81 79
21 22
73 20
41 39
12 55
88 73
76 62
17 97
55 93
60 99
70 33
34 72
98 69
96 40
9 38
88 8
63 29
61 38
30 78
26 68
71 15
6 83
86 4
23 81
75 70
37 52
34 55
36 44
55 49
88 83
51 7
0 56
79 54
45 98
46 23
49 17
77 36
51 69
77 5
28 82
73 85
14 12
8 69
44 89
49 61
75 31
97 17
8 29
97 9
74 37
36 68
28 47
76 45
70 25
32 63
96 30
92 31
12 84
13 83
62 57
46 85
8 92
88 45
71 29
36 55
51 58
54 84
17 0
98 74
19 38
12 31
56 64
98 71
26 66
1 92
84 85
7 10
16 38
31 58
85 39
74 59
64 95
86 96
92 34
92 69
31 95
9 88
63 43
9 45
65 27
27 89
4 54
72 96
5 42
40 13
67 59
1 34
9 83
25 56
23 23
30 76
21 86
51 71
1 9
94 67
47 67
52 50
10 30
73 46
94 70
61 58
31 36
2 28
63 86
31 71
48 57
0 83
77 30
6 39
15 49
77 22
38 51
41 14
80 59
58 37
12 28
11 32
24 0
41 96
45 36
67 74
95 74
45 87
35 79
10 77
11 35
70 73
14 9
56 5
60 40
30 84
1 14
46 95
11 66
37 7
20 29
71 88
18 96
94 28
44 49
34 92
60 55
68 54
93 39
33 12
86 81
46 80
79 66
22 5
62 94
68 28
99 29
45 58
39 26
31 13
27 24
55 49
87 45
89 5
9 36
14 75
24 45
82 88
13 46
35 67
68 28
56 8
34 64
62 23
37 48
56 62
89 89
17 4
54 57
35 11
74 59
5 93
68 10
98 13
8 56
44 20
86 61
50 98
25 26
66 76
53 30
61 37
77 86
36 36
12 91
95 96
6 70
52 55
73 99
10 3
86 23
86 86
30 3
14 27
85 44
68 5
22 56
18 0
15 32
96 50
41 64
45 55
75 28
37 44
24 88
21 77
15 79
97 81
14 75
36 94
33 8
90 49
76 90
22 59
11 39
52 73
50 74
48 61
56 57
9 29
31 33
85 27
33 51
49 46
10 53
19 76
37 75
46 9
7 16
90 63
78 52
29 90
10 2
54 57
6 13
91 6
69 6
8 90
66 33
18 77
52 58
24 21
78 70
61 76
36 94
54 31
11 81
87 76
86 13
29 64
60 20
73 94
71 64
55 74
77 20
51 29
70 28
27 16
43 47
95 31
78 40
70 28
14 68
58 64
4 17
30 10
30 98
17 69
99 73
69 63
47 37
29 79
20 17
96 62
0 60
76 77
10 47
46 22
40 87
42 46
18 76
65 58
72 35
52 64
12 22
88 76
94 6
4 62
88 59
47 26
30 96
67 47
2 25
73 56
80 80
42 33
12 32
61 52
23 51
46 71
62 80
30 13
56 84
0 7
20 40
20 89
56 6
74 57
56 99
0 83
10 86
99 97
96 47
0 73
94 30
35 5
62 61
36 43
77 95
73 93
60 59
2 34
82 76
99 18
0 14
27 90
78 77
90 35
76 28
48 9
45 89
58 71
55 67
66 14
80 59
18 65
74 0
74 22
53 89
51 98
20 92
74 46
17 89
93 67
19 31
62 91
45 78
61 32
77 44
0 9
33 65
1 19
96 26
32 85
64 61
42 55
2 39
13 23
98 93
24 1
54 28
46 56
9 46
86 41
93 26
70 88
16 95
56 42
85 19
60 30
15 72
51 70
94 10
72 0
42 23
37 3
4 42
96 48
30 74
86 42
62 23
63 53
22 71
52 82
94 74
62 74
22 70
64 18
98 76
62 29
12 83
54 0
53 43
91 50
42 41
77 70
72 65
52 42
18 39
65 9
6 71
61 68
46 35
67 60
52 91
16 75
48 35
68 74
81 19
96 22
31 58
50 18
72 31
61 71
52 53
38 48
65 2
98 45
58 11
85 51
87 22
86 38
38 48
39 61
97 36
68 29
88 71
63 33
40 77
38 29
16 24
85 54
7 11
73 72
7 74
10 69
92 89
12 25
47 50
67 95
36 79
77 47
86 91
10 56
47 15
79 12
15 68
88 97
69 23
66 94
51 37
5 82
54 56
49 89
50 73
20 25
63 80
47 55
8 57
56 50
94 69
35 55
97 64
68 45
10 12
13 95
0 38
72 84
53 75
47 17
36 14
1 66
68 55
96 74
14 79
37 72
43 11
48 70
88 90
81 55
86 67
37 66
2 18
45 88
33 74
32 10
3 31
87 51
5 37
50 99
45 32
57 97
81 97
40 42
26 25
86 7
50 29
80 39
51 86
65 4
63 1
93 4
61 54
54 39
58 36
98 67
83 52
23 30
96 99
56 63
62 77
13 4
13 84
4 55
89 12
40 96
10 52
98 78
66 73
18 80
1 50
44 53
27 79
44 63
33 6
91 65
89 22
60 75
15 2
90 26
0 2
82 52
99 40
38 84
84 82
27 46
40 21
48 74
82 49
5 79
99 16
67 19
45 0
96 39
25 69
5 7
46 23
74 83
52 55
27 84
61 35
68 70
75 11
18 90
66 67
20 55
31 50
18 41
16 88
61 5
74 87
7 59
37 46
34 93
87 42
23 11
20 90
35 72
96 63
53 64
10 31
73 18
23 9
1 52
98 20
27 40
54 39
34 18
57 5
84 43
80 94
47 40
94 70
82 31
97 0
7 37
22 78
26 61
69 39
60 80
62 69
41 33
50 56
47 59
68 99
81 17
37 49
35 85
30 27
10 16
93 96
46 52
55 73
69 27
89 10
59 92
28 40
84 36
77 56
62 30
48 96
20 54
92 65
43 70
52 81
82 54
97 74
63 98
40 14
31 21
97 32
46 0
92 67
73 16
43 34
11 92
84 92
99 23
9 13
78 24
29 84
4 62
48 6
33 2
85 66
12 71
71 71
24 54
95 20
29 6
89 2
14 41
73 19
52 43
42 80
73 51
39 20
78 47
14 12
90 65
47 26
16 60
46 70
50 76
56 29
43 89
9 56
78 16
57 5
17 31
77 36
76 62
76 5
49 42
24 28
80 31
21 89
79 65
23 57
32 66
39 64
10 46
33 8
65 62
59 10
0 54
29 68
55 9
44 23
61 71
4 6
40 47
19 14
44 17
29 76
66 29
21 88
57 8
85 14
17 98
12 98
9 9
39 8
66 86
22 54
30 9
72 14
62 37
98 31
56 73
52 19
0 44
20 64
53 36
44 87
2 85
58 94
62 80
74 40
17 22
38 11
40 65
44 0
86 67
21 63
64 80
77 26
1 65
39 90
34 9
90 81
74 59
88 88
74 78
34 64
3 60
28 40
78 62
27 65
8 38
0 70
17 11
14 89
95 17
15 93
72 4
27 5
4 27
66 5
28 0
43 60
5 14
9 18
37 21
57 87
11 65
59 40
6 25
69 12
52 38
74 69
79 49
60 12
83 69
41 70
49 5
90 92
59 72
40 58
45 17
34 0
96 66
31 97
86 75
14 83
1 68
15 10
30 99
16 8
56 11
0 1
97 6
22 73
85 95
93 66
98 83
51 78
19 33
63 61
52 73
40 6
57 23
15 40
11 31
51 47
91 82
79 56
0 10
83 29
91 55
21 20
96 43
95 87
88 35
12 88
1 50
7 2
54 57
28 19
40 80
86 95
4 85
91 54
89 10
46 73
68 59
15 91
78 76
50 33
31 12
45 62
33 31
99 69
10 5
57 35
70 75
0 6
98 33
59 78
33 61
42 30
1 60
51 18
50 86
92 10
95 79
42 35
52 31
65 60
2 1
47 13
28 63
33 47
35 77
19 82
73 72
0 74
87 49
78 43
54 39
62 61
49 93
63 60
97 23
80 40
22 58
20 3
76 85
58 97
21 43
19 49
79 11
74 63
79 23
58 33
71 84
60 73
46 81
9 83
46 34
12 59
50 95
47 62
76 9
38 26
57 31
52 27
31 37
50 3
52 90
2 60
49 0
80 88
59 48
63 54
9 21
62 79
86 4
4 43
97 86
97 77
91 83
85 64
79 63
39 84
65 61
91 24
75 53
12 61
83 37
49 55
71 92
53 15
13 87
20 60
11 97
59 14
94 76
3 8
37 64
82 9
29 24
59 61
6 67
75 60
65 69
40 64
16 82
9 27
40 82
94 35
58 45
37 17
56 36
97 3
27 1
14 29
77 8
13 3
99 91
50 41
4 67
15 27
67 83
10 26
59 73
74 47
81 23
10 10
87 91
71 97
39 98
99 50
97 13
37 82
16 97
7 36
85 65
2 22
50 45
69 6
82 81
89 11
62 50
83 73
16 77
41 98
33 30
94 87
25 50
0 31
89 16
21 66
84 68
74 92
91 73
89 10
41 1
37 77
15 35
86 95
59 36
4 83
7 65
18 40
52 32
9 44
88 0
17 93
25 58
14 12
91 34
39 94
19 39
5 56
61 41
85 18
51 23
95 94
59 64
19 93
60 86
85 18
15 95
25 2
87 55
14 92
82 46
14 66
90 68
50 60
56 93
0 31
18 92
66 4
27 11
73 42
11 41
94 82
80 35
96 90
36 91
82 3
3 21
34 82
44 10
10 33
27 71
50 75
98 44
14 54
49 77
17 68
22 37
46 94
25 12
46 3
90 96
3 53
96 64
19 79
58 21
4 19
36 78
47 68
20 18
42 14
34 95
50 1
33 17
65 48
98 43
84 38
54 85
4 78
3 31
50 43
31 69
57 58
81 11
63 48
68 27
70 58
61 52
64 50
67 1
81 34
85 99
49 4
20 72
94 50
73 9
66 11
81 24
76 26
99 53
3 1
42 26
95 53
12 61
16 11
2 51
8 46
37 81
73 64
99 17
23 6
54 3
35 36
42 69
77 95
94 81
61 29
29 76
56 2
73 26
21 93
32 64
2 3
13 9
17 57
57 50
90 44
2 12
22 16
8 58
56 6
42 62
32 46
71 12
5 75
65 38
92 86
78 19
29 29
70 94
4 9
76 76
0 1
5 93
86 69
52 84
54 61
86 21
33 54
62 43
43 35
12 49
31 32
40 62
3 75
8 73
50 63
61 78
75 10
90 89
79 25
41 18
22 65
44 38
46 68
83 21
41 18
10 69
8 53
10 49
15 31
91 5
67 71
36 5
46 33
18 73
50 66
22 68
88 87
30 84
46 16
34 33
87 52
23 59
86 23
63 77
34 80
54 75
96 73
45 88
53 72
25 5
42 54
30 52
97 61
33 24
74 46
34 79
81 69
50 14
54 61
60 18
38 6
71 91
72 89
83 93
21 53
11 68
59 35
90 28
32 89
77 41
57 18
25 65
64 65
64 7
63 3
54 79
90 61
84 16
24 23
68 96
45 6
48 6
34 4
79 92
25 1
21 16
59 12
65 68
59 36
37 49
61 68
78 48
87 26
38 74
75 59
70 14
69 93
79 84
26 69
54 17
85 31
98 80
0 84
35 43
63 6
81 30
57 58
87 19
15 47
80 46
13 65
10 71
49 40
81 58
59 90
34 82
31 42
73 94
65 46
67 48
22 4
40 70
49 56
24 53
65 73
32 0
50 57
0 94
86 38
70 44
81 7
53 9
63 30
16 6
97 87
81 51
90 20
65 79
8 26
16 29
9 49
44 31
31 68
31 24
56 47
98 44
73 12
33 55
57 91
99 55
37 81
80 29
3 79
10 22
87 53
12 25
28 53
78 24
91 76
25 72
81 23
17 21
6 9
48 58
34 17
0 5
51 81
25 30
3 38
97 89
76 63
80 97
49 94
60 23
94 14
12 91
31 22
86 93
17 54
27 58
61 4
30 77
69 96
29 9
48 51
83 96
58 69
8 6
12 17
19 90
69 27
49 41
17 64
67 5
33 16
81 71
83 8
72 15
83 8
53 63
74 72
99 47
73 35
68 56
66 61
58 52
35 9
44 53
95 5
22 88
78 81
48 19
55 21
43 90
75 55
20 63
91 56
11 5
30 70
23 22
6 1
79 55
76 70
24 71
2 29
84 34
72 18
46 69
9 67
35 59
95 88
97 22
93 86
85 22
92 32
18 57
72 43
56 72
37 69
39 76
85 56
24 93
28 44
49 55
93 66
35 74
82 74
43 23
48 16
62 75
55 30
54 16
49 26
66 30
21 14
55 24
1 3
16 34
89 57
50 58
96 43
9 74
41 95
3 59
2 61
82 32
76 57
84 68
64 86
89 82
64 96
93 42
84 52
2 56
91 75
96 61
53 48
19 23
3 82
73 98
81 37
89 16
70 16
15 48
93 27
73 71
95 53
61 71
20 85
28 45
99 92
54 24
44 2
34 78
92 51
5 79
56 24
99 12
49 30
74 73
88 17
37 98
0 8
19 18
65 16
44 9
71 90
75 17
94 22
90 19
65 62
35 51
8 38
27 91
90 5
4 95
78 24
7 86
70 65
78 4
89 27
34 53
98 64
0 78
38 59
63 13
68 95
86 33
95 91
62 50
24 24
6 9
74 80
37 20
46 8
7 53
10 60
88 1
93 90
54 55
24 28
29 89
48 10
67 58
23 27
28 8
51 91
32 16
93 85
92 4
6 41
27 32
20 29
32 0
34 96
14 37
45 79
99 30
74 51
42 93
76 90
17 78
60 90
54 91
33 3
36 33
17 80
40 46
57 41
60 27
92 58
47 87
36 59
94 13
80 74
95 51
13 57
61 96
37 89
63 19
72 98
4 96
43 26
74 10
39 8
38 77
4 32
39 43
81 12
98 70
93 24
26 79
6 2
23 53
33 0
73 55
98 99
2 4
45 61
43 45
25 69
99 39
29 58
60 46
4 17
67 56
5 19
58 38
39 67
77 66
53 91
46 32
42 32
36 90
74 46
77 46
56 98
46 89
55 60
0 82
46 20
29 51
33 68
1 60
9 90
93 74
35 74
35 54
80 27
51 81
47 66
61 50
83 2
25 66
70 42
40 43
22 64
11 60
88 92
81 16
19 45
12 10
46 45
44 32
36 6
27 26
38 47
36 32
34 85
42 26
19 24
7 29
93 89
14 79
78 93
83 23
89 34
49 93
78 16
28 18
74 31
83 33
53 67
23 77
17 84
46 23
9 43
23 42
98 72
39 91
72 57
70 64
16 95
18 72
20 48
1 42
43 57
37 65
59 52
37 9
17 69
53 94
8 49
54 69
21 83
55 41
33 19
36 4
7 62
5 14
55 47
57 69
63 7
15 42
17 12
8 59
29 73
19 42
49 75
94 60
90 63
9 61
85 94
51 43
46 73
31 48
59 75
49 42
36 3
74 45
14 6
86 0
98 64
63 84
55 74
48 43
46 48
44 42
17 52
45 24
65 91
20 22
73 70
45 7
40 32
46 42
2 74
9 43
6 11
15 3
46 8
51 24
8 79
39 64
8 4
63 63
73 16
68 47
32 90
69 88
34 82
63 29
26 4
34 45
87 76
69 69
39 59
50 8
4 86
47 68
34 82
40 85
57 48
39 20
96 5
96 82
87 69
60 84
25 68
36 97
17 25
26 6
41 22
48 82
43 75
88 82
67 98
31 54
14 15
0 64
90 5
23 92
78 45
79 54
35 54
17 36
14 52
86 3
24 77
2 67
44 44
86 93
72 80
39 9
55 13
88 92
65 25
99 64
99 26
58 69
52 30
87 70
12 23
88 0
21 51
53 30
71 95
68 10
76 40
94 95
32 38
43 76
33 17
25 47
86 28
46 49
33 16
87 82
54 29
10 28
59 54
62 9
33 23
0 68
68 70
6 31
81 51
77 75
39 49
24 36
56 99
23 12
65 12
73 60
97 97
62 80
26 45
48 84
85 91
12 60
62 46
75 46
43 42
2 9
81 69
39 28
32 20
72 55
29 34
85 38
72 53
57 67
6 32
41 40
23 33
41 34
73 93
55 72
9 72
1 87
62 13
29 66
86 33
19 13
99 14
87 17
23 24
83 30
44 3
35 73
91 8
95 97
38 81
85 52
79 98
59 41
3 25
11 96
35 20
18 31
45 69
26 12
75 30
92 61
79 34
0 82
46 44
49 77
27 67
88 34
30 42
68 30
94 5
85 6
6 23
98 56
35 25
7 41
59 95
75 47
48 10
65 44
51 1
49 64
99 24
45 75
21 62
20 67
82 29
39 25
35 84
23 18
91 96
82 96
91 7
61 96
77 69
77 74
87 71
9 67
14 2
52 39
84 8
75 91
11 30
13 57
75 77
93 41
71 76
95 78
91 54
47 45
92 96
38 61
73 10
50 25
57 7
29 62
68 70
1 63
54 46
34 77
85 12
79 6
91 11
74 63
32 20
30 82
13 28
34 37
45 11
60 27
7 53
47 22
28 31
97 39
74 6
51 70
41 60
54 53
25 56
30 30
89 26
85 90
19 79
7 73
15 60
63 92
40 42
96 38
0 78
36 58
35 51
97 27
92 92
94 41
83 54
0 3
90 54
15 74
18 51
14 77
72 78
22 94
24 25
54 4
33 25
94 24
26 39
89 13
33 14
47 91
64 63
73 80
72 53
63 30
14 58
38 7
19 22
67 29
60 98
18 84
18 91
15 95
62 76
70 67
40 61
61 78
29 22
86 27
46 40
10 45
71 98
10 84
68 74
32 54
71 41
72 19
59 88
10 84
91 17
99 70
97 1
24 71
69 51
34 24
8 61
4 63
18 17
49 11
44 56
90 49
46 18
19 93
68 64
69 66
54 97
19 42
37 70
55 61
68 22
64 56
27 30
65 85
7 77
96 61
50 46
12 81
0 73
85 25
10 31
74 71
50 74
67 10
31 32
15 61
6 87
43 46
18 25
49 71
52 21
76 17
66 66
44 79
77 34
76 44
84 1
18 83
43 79
91 11
36 56
32 47
24 82
56 31
41 92
79 68
67 45
66 33
85 27
32 94
81 45
89 21
43 19
93 51
57 0
67 84
15 36
6 46
25 91
43 47
69 6
84 17
23 89
1 37
10 44
26 67
81 62
8 33
13 59
31 75
81 33
50 82
76 69
36 79
74 47
64 77
85 43
64 81
21 77
64 2
57 63
80 66
68 61
68 64
0 30
63 14
94 30
86 60
75 87
96 57
94 64
62 74
49 10
19 17
88 17
58 36
19 63
82 10
3 99
59 37
20 41
26 84
5 87
41 15
77 83
24 49
73 7
7 1
2 17
53 0
12 97
12 26
66 88
26 15
32 46
55 21
35 62
60 27
85 20
64 55
93 83
1 78
59 25
81 27
58 67
41 35
81 57
34 61
17 82
6 19
37 24
85 19
87 35
41 4
66 21
95 55
11 49
71 97
29 76
57 96
51 65
93 82
40 82
56 8
97 85
24 47
26 3
97 79
92 62
13 74
40 39
89 3
0 36
22 78
54 74
59 23
85 49
91 88
96 42
61 8
80 5
46 22
65 37
27 23
12 81
92 47
64 64
92 61
67 35
69 84
34 77
30 32
47 88
16 30
85 54
86 41
49 82
13 17
20 24
94 77
57 59
29 59
85 41
66 58
72 36
73 3
29 31
40 24
65 50
24 39
36 87
24 26
0 25
96 67
47 18
76 9
10 31
81 39
83 27
28 73
15 62
27 17
28 91
67 3
47 35
2 4
44 55
49 59
74 0
45 62
0 14
63 32
72 99
4 35
31 64
50 19
41 65
92 91
51 97
20 16
82 44
79 36
25 92
57 10
54 12
70 50
61 64
4 26
14 26
94 90
28 6
20 87
9 32
35 88
4 40
19 16
65 75
84 40
64 44
34 20
36 66
24 37
5 96
67 82
92 12
14 37
70 28
13 71
20 49
59 90
33 58
76 31
40 26
47 44
68 41
78 8
65 60
95 84
37 90
3 32
39 53
66 63
82 81
26 43
89 0
35 73
69 70
22 96
28 59
40 99
9 62
51 95
56 64
7 77
88 74
22 82
93 13
20 49
47 3
76 49
72 67
40 34
77 48
39 51
92 4
1 46
20 67
23 16
9 9
20 96
18 60
14 41
80 84
17 66
45 45
64 38
41 99
86 29
79 9
29 13
44 20
5 84
27 0
58 41
33 26
29 41
83 40
60 32
64 63
33 75
52 43
45 5
9 44
21 5
98 87
17 74
73 2
63 70
53 53
6 82
47 13
3 2
68 54
60 81
56 8
47 28
37 13
62 79
71 82
29 66
11 31
11 29
78 76
24 19
15 66
2 60
83 33
78 30
48 30
66 20
44 76
45 68
31 87
42 71
96 94
33 6
96 41
38 51
35 65
40 68
91 31
65 71
86 82
94 63
31 73
49 94
96 28
77 60
59 45
34 59
66 54
22 43
88 98
52 83
36 93
30 44
88 52
4 78
74 52
59 66
18 69
2 51
25 50
0 27
76 19
38 99
75 44
92 85
87 64
51 46
82 84
20 68
39 17
15 94
18 71
20 58
4 60
38 46
18 32
74 54
30 22
10 20
31 34
75 33
18 53
24 99
84 58
36 16
74 98
10 66
91 31
58 19
13 96
18 44
11 96
27 8
97 12
90 26
80 70
35 42
36 23
79 43
99 35
43 87
51 12
24 83
19 88
93 51
30 15
65 80
17 60
90 54
50 70
5 24
20 90
43 61
25 88
11 86
30 35
41 6
90 29
10 45
33 34
13 12
70 67
82 67
95 79
1 11
88 53
0 35
90 36
9 62
62 38
70 75
89 11
34 56
69 98
45 87
13 89
10 86
73 86
24 56
77 0
62 57
71 3
80 46
39 11
39 72
18 15
86 99
68 77
94 74
98 88
51 53
16 78
12 14
76 55
72 8
47 9
82 89
24 78
26 26
66 19
14 12
93 42
16 89
4 18
96 55
81 77
8 33
45 83
50 28
10 70
22 23
62 89
73 69
62 16
49 78
43 96
49 57
19 27
0 14
44 51
89 56
80 31
86 48
76 94
25 15
67 47
90 72
93 20
82 45
65 7
40 51
55 78
66 8
49 22
98 53
80 86
21 85
57 29
3 69
38 25
41 87
3 14
48 40
21 50
27 88
74 22
10 65
0 33
19 89
70 67
89 55
17 73
44 77
0 67
97 1
30 30
6 49
99 51
51 78
73 23
94 63
56 12
60 47
20 93
33 83
63 46
42 48
70 22
13 93
23 88
94 59
68 23
63 61
98 50
76 51
53 87
8 90
7 15
42 98
35 58
72 62
99 27
42 63
99 79
22 44
4 54
6 33
77 86
26 75
73 55
87 94
9 83
29 80
87 14
96 61
76 92
32 55
82 30
27 73
9 19
97 74
14 4
99 51
28 34
45 98
91 58
64 20
38 21
52 1
81 9
77 21
51 92
17 50
8 87
25 61
50 86
71 13
90 66
24 50
69 11
73 94
12 99
79 76
43 10
79 14
4 48
99 65
48 52
30 90
6 47
